{"mode": "3D", "camera": "orthographic", "data": [{"type": "surface-sag", "diameter": 10, "sag-function": {"sag-type": "spherical", "C": 0.15384615}, "bcyl": [0.0, 2.34668807, 5.0], "matrix": [[1.0, 0.0, 0.0, 5.0], [0.0, 1.0, 0.0, 0.0], [0.0, 0.0, 1.0, 0.0], [0.0, 0.0, 0.0, 1.0]]}, {"type": "surface-sag", "diameter": 10, "sag-function": {"sag-type": "parabolic", "A": -0.2, "normalize": true}, "bcyl": [-1.0, 0.0, 5.0], "matrix": [[0.95125124, 0.16773125, 0.25881905, 10.0], [-0.17364817, 0.98480775, 0.0, 0.0], [-0.25488701, -0.04494346, 0.96592582, 0.0], [0.0, 0.0, 0.0, 1.0]]}, {"type": "surface-sag", "diameter": 10, "sag-function": {"sag-type": "conical", "K": -4.5, "C": 1.0, "normalize": true}, "bcyl": [0.0, 1.60188621, 5.0], "matrix": [[0.95125124, -0.16773125, -0.25881905, 15.0], [0.17364817, 0.98480775, 0.0, 0.0], [0.25488701, -0.04494346, 0.96592582, 0.0], [0.0, 0.0, 0.0, 1.0]]}, {"type": "surface-sag", "diameter": 10, "sag-function": {"sag-type": "aspheric", "coefficients": [0.0, -1.0, 0.5], "normalize": true}, "bcyl": [-5.0, 2.5, 5.0], "matrix": [[0.89253894, 0.15737869, 0.42261826, 20.0], [-0.17364817, 0.98480775, 0.0, 0.0], [-0.41619774, -0.07338689, 0.90630779, 0.0], [0.0, 0.0, 0.0, 1.0]]}, {"type": "surface-sag", "diameter": 10, "sag-function": {"sag-type": "sum", "terms": [{"sag-type": "aspheric", "coefficients": [0.0, -1.0, 0.5], "normalize": true}, {"sag-type": "conical", "K": -4.5, "C": 1.0, "normalize": true}]}, "bcyl": [-5.0, 4.10188621, 5.0], "matrix": [[1.0, 0.0, 0.0, 25.0], [0.0, 1.0, 0.0, 0.0], [0.0, 0.0, 1.0, 0.0], [0.0, 0.0, 0.0, 1.0]]}, {"type": "points", "data": [[0.0, 0.0, 0.0]], "layers": [4]}, {"type": "points", "data": [[5.0, 0.0, 0.0]], "layers": [4]}, {"type": "points", "data": [[5.0, 0.0, 0.0]], "layers": [4]}, {"type": "points", "data": [[10.0, 0.0, 0.0]], "layers": [4]}, {"type": "points", "data": [[10.0, 0.0, 0.0]], "layers": [4]}, {"type": "points", "data": [[10.0, 0.0, 0.0]], "layers": [4]}, {"type": "points", "data": [[15.0, 0.0, 0.0]], "layers": [4]}, {"type": "points", "data": [[15.0, 0.0, 0.0]], "layers": [4]}, {"type": "points", "data": [[15.0, 0.0, 0.0]], "layers": [4]}, {"type": "points", "data": [[20.0, 0.0, 0.0]], "layers": [4]}, {"type": "points", "data": [[20.0, 0.0, 0.0]], "layers": [4]}, {"type": "points", "data": [[20.0, 0.0, 0.0]], "layers": [4]}, {"type": "points", "data": [[25.0, 0.0, 0.0]], "layers": [4]}], "controls": {"show_optical_axis": true, "show_bounding_cylinders": true}}